# unix_time, cycles_done, cur_path, paths_total, pending_total, pending_favs, map_size, unique_crashes, unique_hangs, max_depth, execs_per_sec
1652953129, 0, 0, 2, 2, 2, 0.27%, 0, 0, 1, 0.00
1652953134, 0, 0, 9, 9, 2, 0.28%, 29, 0, 2, 1925.10
1652953139, 0, 0, 9, 9, 2, 0.28%, 30, 0, 2, 2379.12
1652953144, 0, 0, 13, 13, 2, 0.28%, 33, 0, 2, 2374.04
1652953154, 0, 1, 18, 17, 4, 0.29%, 40, 0, 2, 2216.06
1652953159, 0, 1, 22, 21, 4, 0.29%, 40, 0, 2, 1903.12
1652953165, 0, 1, 24, 23, 4, 0.29%, 41, 0, 2, 2023.32
1652953170, 0, 1, 28, 27, 4, 0.29%, 41, 0, 2, 2246.41
1652953205, 0, 1, 32, 31, 4, 0.29%, 41, 0, 2, 2056.04
1652953220, 0, 1, 33, 32, 4, 0.29%, 41, 0, 2, 2388.49
1652953266, 0, 8, 34, 32, 9, 0.29%, 41, 0, 3, 2202.29
1652953271, 0, 8, 36, 34, 9, 0.29%, 41, 0, 3, 2370.39
1652953277, 0, 8, 38, 36, 9, 0.29%, 41, 0, 3, 2453.96
1652953282, 0, 8, 38, 36, 9, 0.29%, 42, 0, 3, 2158.92
1652953287, 0, 8, 39, 37, 9, 0.29%, 42, 0, 3, 2396.31
1652953292, 0, 9, 40, 37, 10, 0.29%, 43, 0, 3, 2431.72
1652953297, 0, 9, 41, 38, 10, 0.29%, 43, 0, 3, 2339.05
1652953322, 0, 12, 44, 40, 9, 0.31%, 43, 0, 3, 2460.35
1652953332, 0, 12, 46, 42, 9, 0.31%, 43, 0, 3, 2524.87
1652953348, 0, 23, 46, 41, 12, 0.31%, 43, 0, 3, 2268.73
1652953363, 0, 23, 47, 42, 12, 0.31%, 43, 0, 3, 2287.90
